B:
0.000000 0.000000 0.000000 0.000000 0.000000 0.000000 0.000000 0.000000 0.000000 0.000000 0.000000 0.000000 -1.000000 0.000000 0.000000 0.000000 0.000000 0.000000 0.000000 0.000000 0.000000 
0.000064 0.000041 0.000000 0.000000 0.000000 0.000000 0.000000 0.000000 0.000000 0.000000 0.000000 0.000000 -1.000000 0.000000 0.000000 0.000000 0.000000 0.000000 0.000000 0.000000 0.000000 
0.000000 0.000000 0.000073 0.000026 0.000000 0.000000 0.000000 0.000000 0.000000 0.000000 0.000000 0.000000 0.000000 -1.000000 0.000000 0.000000 0.000000 0.000000 0.000000 0.000000 0.000000 
0.000000 0.000000 0.000000 0.000000 0.000025 0.000042 0.000000 0.000000 0.000000 0.000000 0.000000 0.000000 0.000000 -1.000000 0.000000 0.000000 0.000000 0.000000 0.000000 0.000000 0.000000 
0.000000 0.000000 0.000000 0.000000 0.000000 0.000000 0.000000 0.000000 0.000000 0.000000 0.000000 0.000000 0.000000 -1.000000 0.000000 0.000000 0.000000 0.000000 0.000000 0.000000 0.000000 
0.000000 0.000000 0.000000 0.000000 0.000000 0.000000 -0.000024 -0.000061 0.000000 0.000000 0.000000 0.000000 0.000000 0.000000 -1.000000 0.000000 0.000000 0.000000 0.000000 0.000000 0.000000 
0.000000 0.000000 0.000000 0.000000 0.000000 0.000000 0.000000 0.000000 -0.000044 0.000055 0.000000 0.000000 0.000000 0.000000 -1.000000 0.000000 0.000000 0.000000 0.000000 0.000000 0.000000 
0.000000 0.000000 -0.000063 -0.000012 0.000000 0.000000 0.000063 0.000012 0.000000 0.000000 0.000000 0.000000 0.000000 0.000000 0.000000 -1.000000 0.000000 0.000000 0.000000 0.000000 0.000000 
0.000000 0.000000 0.000000 0.000000 0.000000 0.000000 -0.000024 -0.000061 0.000000 0.000000 0.000000 0.000000 0.000000 0.000000 0.000000 -1.000000 0.000000 0.000000 0.000000 0.000000 0.000000 
0.000000 0.000000 0.000000 0.000000 0.000000 0.000000 0.000000 0.000000 0.000016 0.000077 0.000000 0.000000 0.000000 0.000000 0.000000 0.000000 -1.000000 0.000000 0.000000 0.000000 0.000000 
0.000000 0.000000 0.000000 0.000000 -0.000088 -0.000022 0.000000 0.000000 0.000000 0.000000 0.000000 0.000000 0.000000 0.000000 0.000000 0.000000 -1.000000 0.000000 0.000000 0.000000 0.000000 
0.000000 0.000000 0.000000 0.000000 0.000000 0.000000 0.000000 0.000000 0.000016 0.000077 0.000000 0.000000 0.000000 0.000000 0.000000 0.000000 0.000000 -1.000000 0.000000 0.000000 0.000000 
0.000000 0.000000 0.000000 0.000000 0.000000 0.000000 0.000000 0.000000 -0.000044 0.000055 0.000000 0.000000 0.000000 0.000000 0.000000 0.000000 0.000000 -1.000000 0.000000 0.000000 0.000000 
-0.000062 -0.000005 0.000000 0.000000 0.000000 0.000000 0.000000 0.000000 0.000062 0.000005 0.000000 0.000000 0.000000 0.000000 0.000000 0.000000 0.000000 -1.000000 0.000000 0.000000 0.000000 
0.000000 0.000000 -0.000063 -0.000012 0.000000 0.000000 0.000063 0.000012 0.000000 0.000000 0.000000 0.000000 0.000000 0.000000 0.000000 0.000000 0.000000 0.000000 -1.000000 0.000000 0.000000 
0.000000 0.000000 0.000073 0.000026 0.000000 0.000000 0.000000 0.000000 0.000000 0.000000 0.000000 0.000000 0.000000 0.000000 0.000000 0.000000 0.000000 0.000000 -1.000000 0.000000 0.000000 
0.000000 0.000000 0.000000 0.000000 -0.000088 -0.000022 0.000000 0.000000 0.000000 0.000000 0.000000 0.000000 0.000000 0.000000 0.000000 0.000000 0.000000 0.000000 0.000000 -1.000000 0.000000 
0.000000 0.000000 0.000000 0.000000 0.000025 0.000042 0.000000 0.000000 0.000000 0.000000 0.000000 0.000000 0.000000 0.000000 0.000000 0.000000 0.000000 0.000000 0.000000 -1.000000 0.000000 
0.000064 0.000041 0.000000 0.000000 0.000000 0.000000 0.000000 0.000000 0.000000 0.000000 0.000000 0.000000 0.000000 0.000000 0.000000 0.000000 0.000000 0.000000 0.000000 0.000000 -1.000000 
-0.000062 -0.000005 0.000000 0.000000 0.000000 0.000000 0.000000 0.000000 0.000062 0.000005 0.000000 0.000000 0.000000 0.000000 0.000000 0.000000 0.000000 0.000000 0.000000 0.000000 -1.000000 
0.000000 0.000000 0.192921 -0.981218 0.000000 0.000000 -0.192921 0.981218 0.000000 0.000000 0.000000 0.000000 0.000000 0.000000 0.000000 0.000000 0.000000 0.000000 0.000000 0.000000 0.000000 
0.000000 0.000000 0.000000 0.000000 0.000000 0.000000 0.931897 -0.362723 0.000000 0.000000 0.000000 0.000000 0.000000 0.000000 0.000000 0.000000 0.000000 0.000000 0.000000 0.000000 0.000000 
0.000000 0.000000 0.000000 0.000000 0.000000 0.000000 0.000000 0.000000 -0.978268 0.207371 0.000000 0.000000 0.000000 0.000000 0.000000 0.000000 0.000000 0.000000 0.000000 0.000000 0.000000 
0.000000 0.000000 0.000000 0.000000 0.238722 -0.971088 0.000000 0.000000 0.000000 0.000000 0.000000 0.000000 0.000000 0.000000 0.000000 0.000000 0.000000 0.000000 0.000000 0.000000 0.000000 
0.075078 -0.997168 0.000000 0.000000 0.000000 0.000000 0.000000 0.000000 -0.075078 0.997168 0.000000 0.000000 0.000000 0.000000 0.000000 0.000000 0.000000 0.000000 0.000000 0.000000 0.000000 
0.000000 0.000000 0.000000 0.000000 0.000000 0.000000 0.000000 0.000000 -0.778645 -0.627465 0.000000 0.000000 0.000000 0.000000 0.000000 0.000000 0.000000 0.000000 0.000000 0.000000 0.000000 
0.000000 0.000000 -0.329567 0.944132 0.000000 0.000000 0.000000 0.000000 0.000000 0.000000 0.000000 0.000000 0.000000 0.000000 0.000000 0.000000 0.000000 0.000000 0.000000 0.000000 0.000000 
0.000000 0.000000 0.000000 0.000000 -0.855352 0.518048 0.000000 0.000000 0.000000 0.000000 0.000000 0.000000 0.000000 0.000000 0.000000 0.000000 0.000000 0.000000 0.000000 0.000000 0.000000 
-0.539118 0.842230 0.000000 0.000000 0.000000 0.000000 0.000000 0.000000 0.000000 0.000000 0.000000 0.000000 0.000000 0.000000 0.000000 0.000000 0.000000 0.000000 0.000000 0.000000 0.000000 
0.000000 0.000000 0.000000 0.000000 0.000000 0.000000 0.000000 0.000000 0.000016 0.000077 0.000000 0.000000 0.000000 0.000000 0.000000 0.000000 0.000000 0.000000 0.000000 0.000000 0.000000 


L:
0.000000 
-0.000010 
-0.000005 
-0.000005 
0.000000 
6.283180 
-0.000005 
-0.000015 
-0.000015 
0.000005 
-0.000005 
0.000005 
0.000000 
-0.000010 
-0.000015 
0.000000 
-0.000000 
-0.000005 
-0.000005 
0.000010 
0.062920 
-0.000000 
0.068520 
-0.000000 
-0.157283 
0.000000 
-0.000000 
0.000000 
0.000000 
0.000005 


BTPB:
0.296285 -0.528927 0.000000 0.000000 0.000000 0.000000 0.000000 0.000000 -0.005637 0.074865 0.000000 0.000000 -0.000064 0.000000 0.000000 0.000000 0.000000 0.000062 0.000000 0.000000 -0.000002 
-0.528927 1.703696 0.000000 0.000000 0.000000 0.000000 0.000000 0.000000 0.074865 -0.994344 0.000000 0.000000 -0.000041 0.000000 0.000000 0.000000 0.000000 0.000005 0.000000 0.000000 -0.000036 
0.000000 0.000000 0.145833 -0.500453 0.000000 0.000000 -0.037219 0.189298 0.000000 0.000000 0.000000 0.000000 0.000000 -0.000073 0.000000 0.000063 0.000000 0.000000 -0.000010 0.000000 0.000000 
0.000000 0.000000 -0.500453 1.854175 0.000000 0.000000 0.189298 -0.962789 0.000000 0.000000 0.000000 0.000000 0.000000 -0.000026 0.000000 0.000012 0.000000 0.000000 -0.000013 0.000000 0.000000 
0.000000 0.000000 0.000000 0.000000 0.788615 -0.674933 0.000000 0.000000 0.000000 0.000000 0.000000 0.000000 0.000000 -0.000025 0.000000 0.000000 0.000088 0.000000 0.000000 0.000063 0.000000 
0.000000 0.000000 0.000000 0.000000 -0.674933 1.211385 0.000000 0.000000 0.000000 0.000000 0.000000 0.000000 0.000000 -0.000042 0.000000 0.000000 0.000022 0.000000 0.000000 -0.000020 0.000000 
0.000000 0.000000 -0.037219 0.189298 0.000000 0.000000 0.905651 -0.527318 0.000000 0.000000 0.000000 0.000000 0.000000 0.000000 0.000024 -0.000040 0.000000 0.000000 -0.000063 0.000000 0.000000 
0.000000 0.000000 0.189298 -0.962789 0.000000 0.000000 -0.527318 1.094357 0.000000 0.000000 0.000000 0.000000 0.000000 0.000000 0.000061 0.000048 0.000000 0.000000 -0.000012 0.000000 0.000000 
-0.005637 0.074865 0.000000 0.000000 0.000000 0.000000 0.000000 0.000000 1.568932 0.210843 0.000000 0.000000 0.000000 0.000000 0.000044 0.000000 -0.000016 -0.000034 0.000000 0.000000 -0.000062 
0.074865 -0.994344 0.000000 0.000000 0.000000 0.000000 0.000000 0.000000 0.210843 1.431059 0.000000 0.000000 0.000000 0.000000 -0.000055 0.000000 -0.000077 -0.000136 0.000000 0.000000 -0.000005 
0.000000 0.000000 0.000000 0.000000 0.000000 0.000000 0.000000 0.000000 0.000000 0.000000 0.000000 0.000000 0.000000 0.000000 0.000000 0.000000 0.000000 0.000000 0.000000 0.000000 0.000000 
0.000000 0.000000 0.000000 0.000000 0.000000 0.000000 0.000000 0.000000 0.000000 0.000000 0.000000 0.000000 0.000000 0.000000 0.000000 0.000000 0.000000 0.000000 0.000000 0.000000 0.000000 
-0.000064 -0.000041 0.000000 0.000000 0.000000 0.000000 0.000000 0.000000 0.000000 0.000000 0.000000 0.000000 2.000000 0.000000 0.000000 0.000000 0.000000 0.000000 0.000000 0.000000 0.000000 
0.000000 0.000000 -0.000073 -0.000026 -0.000025 -0.000042 0.000000 0.000000 0.000000 0.000000 0.000000 0.000000 0.000000 3.000000 0.000000 0.000000 0.000000 0.000000 0.000000 0.000000 0.000000 
0.000000 0.000000 0.000000 0.000000 0.000000 0.000000 0.000024 0.000061 0.000044 -0.000055 0.000000 0.000000 0.000000 0.000000 2.000000 0.000000 0.000000 0.000000 0.000000 0.000000 0.000000 
0.000000 0.000000 0.000063 0.000012 0.000000 0.000000 -0.000040 0.000048 0.000000 0.000000 0.000000 0.000000 0.000000 0.000000 0.000000 2.000000 0.000000 0.000000 0.000000 0.000000 0.000000 
0.000000 0.000000 0.000000 0.000000 0.000088 0.000022 0.000000 0.000000 -0.000016 -0.000077 0.000000 0.000000 0.000000 0.000000 0.000000 0.000000 2.000000 0.000000 0.000000 0.000000 0.000000 
0.000062 0.000005 0.000000 0.000000 0.000000 0.000000 0.000000 0.000000 -0.000034 -0.000136 0.000000 0.000000 0.000000 0.000000 0.000000 0.000000 0.000000 3.000000 0.000000 0.000000 0.000000 
0.000000 0.000000 -0.000010 -0.000013 0.000000 0.000000 -0.000063 -0.000012 0.000000 0.000000 0.000000 0.000000 0.000000 0.000000 0.000000 0.000000 0.000000 0.000000 2.000000 0.000000 0.000000 
0.000000 0.000000 0.000000 0.000000 0.000063 -0.000020 0.000000 0.000000 0.000000 0.000000 0.000000 0.000000 0.000000 0.000000 0.000000 0.000000 0.000000 0.000000 0.000000 2.000000 0.000000 
-0.000002 -0.000036 0.000000 0.000000 0.000000 0.000000 0.000000 0.000000 -0.000062 -0.000005 0.000000 0.000000 0.000000 0.000000 0.000000 0.000000 0.000000 0.000000 0.000000 0.000000 2.000000 


BTPL:
-0.011808 
0.156837 
0.012139 
-0.061739 
-0.000000 
0.000000 
-0.012287 
0.061358 
-0.055222 
-0.142628 
0.000000 
0.000000 
0.000010 
0.000010 
-6.283176 
0.000029 
0.000000 
0.000005 
0.000015 
0.000005 
-0.000005 
