0.000000 0.000000 0.000000 0.000000 0.000000 0.000000 0.000000 0.000000 -1.000000 0.000000 0.000000 0.000000 0.000000 0.000000 
-0.000118 -0.000064 0.000000 0.000000 0.000000 0.000000 0.000000 0.000000 -1.000000 0.000000 0.000000 0.000000 0.000000 0.000000 
0.000000 0.000000 0.000015 -0.000167 0.000000 0.000000 0.000000 0.000000 -1.000000 0.000000 0.000000 0.000000 0.000000 0.000000 
0.000000 0.000000 0.000000 0.000000 0.000059 -0.000080 0.000000 0.000000 -1.000000 0.000000 0.000000 0.000000 0.000000 0.000000 
0.000000 0.000000 0.000000 0.000000 0.000000 0.000000 0.000058 -0.000078 0.000000 -1.000000 0.000000 0.000000 0.000000 0.000000 
0.000153 -0.000074 0.000000 0.000000 0.000000 0.000000 0.000000 0.000000 0.000000 -1.000000 0.000000 0.000000 0.000000 0.000000 
0.000000 0.000000 0.000000 0.000000 0.000000 0.000000 0.000000 0.000000 0.000000 -1.000000 0.000000 0.000000 0.000000 0.000000 
-0.000118 -0.000064 0.000000 0.000000 0.000000 0.000000 0.000000 0.000000 0.000000 0.000000 -1.000000 0.000000 0.000000 0.000000 
0.000153 -0.000074 0.000000 0.000000 0.000000 0.000000 0.000000 0.000000 0.000000 0.000000 -1.000000 0.000000 0.000000 0.000000 
-0.000026 0.000170 0.000000 0.000000 0.000000 0.000000 0.000026 -0.000170 0.000000 0.000000 -1.000000 0.000000 0.000000 0.000000 
-0.000126 0.000043 0.000126 -0.000043 0.000000 0.000000 0.000000 0.000000 0.000000 0.000000 -1.000000 0.000000 0.000000 0.000000 
0.000000 0.000000 0.000015 -0.000167 0.000000 0.000000 0.000000 0.000000 0.000000 0.000000 0.000000 -1.000000 0.000000 0.000000 
-0.000126 0.000043 0.000126 -0.000043 0.000000 0.000000 0.000000 0.000000 0.000000 0.000000 0.000000 -1.000000 0.000000 0.000000 
0.000000 0.000000 0.000125 0.000067 0.000000 0.000000 -0.000125 -0.000067 0.000000 0.000000 0.000000 -1.000000 0.000000 0.000000 
0.000000 0.000000 -0.000159 0.000062 0.000159 -0.000062 0.000000 0.000000 0.000000 0.000000 0.000000 -1.000000 0.000000 0.000000 
0.000000 0.000000 0.000000 0.000000 0.000085 0.000009 -0.000085 -0.000009 0.000000 0.000000 0.000000 0.000000 -1.000000 0.000000 
0.000000 0.000000 0.000125 0.000067 0.000000 0.000000 -0.000125 -0.000067 0.000000 0.000000 0.000000 0.000000 -1.000000 0.000000 
-0.000026 0.000170 0.000000 0.000000 0.000000 0.000000 0.000026 -0.000170 0.000000 0.000000 0.000000 0.000000 -1.000000 0.000000 
0.000000 0.000000 0.000000 0.000000 0.000000 0.000000 0.000058 -0.000078 0.000000 0.000000 0.000000 0.000000 -1.000000 0.000000 
0.000000 0.000000 0.000000 0.000000 0.000059 -0.000080 0.000000 0.000000 0.000000 0.000000 0.000000 0.000000 0.000000 -1.000000 
0.000000 0.000000 -0.000159 0.000062 0.000159 -0.000062 0.000000 0.000000 0.000000 0.000000 0.000000 0.000000 0.000000 -1.000000 
0.000000 0.000000 0.000000 0.000000 0.000085 0.000009 -0.000085 -0.000009 0.000000 0.000000 0.000000 0.000000 0.000000 -1.000000 

0.000000 
-0.404100 
-360.605400 
-360.956000 
1.147300 
-0.706900 
-0.808100 
0.000000 
-0.702500 
-356.326200 
-360.474700 
-1.009300 
-0.475100 
0.190900 
-359.569200 
-1.230600 
-0.617200 
3.265500 
1.143400 
-0.959800 
0.434700 
-0.418100 
