0.000000 0.000000 0.000000 0.000000 0.000000 0.000000 0.000000 0.000000 0.000000 0.000000 0.000000 0.000000 -1.000000 0.000000 0.000000 -0.000064 -0.000041 0.000000 0.000000 0.000000 0.000000 
0.000064 0.000041 0.000000 0.000000 0.000000 0.000000 0.000000 0.000000 0.000000 0.000000 0.000000 0.000000 -1.000000 0.000000 0.000000 0.000000 0.000000 -0.000073 -0.000026 0.000000 0.000000 
0.000000 0.000000 0.000073 0.000026 0.000000 0.000000 0.000000 0.000000 0.000000 0.000000 0.000000 0.000000 0.000000 -1.000000 0.000000 0.000000 0.000000 -0.000025 -0.000042 0.000000 0.000000 
0.000000 0.000000 0.000000 0.000000 0.000025 0.000042 0.000000 0.000000 0.000000 0.000000 0.000000 0.000000 0.000000 -1.000000 0.000000 -0.000005 0.000040 0.000005 -0.000040 0.000000 0.000000 
0.000000 0.000000 0.000000 0.000000 0.000000 0.000000 0.000000 0.000000 0.000000 0.000000 0.000000 0.000000 0.000000 -1.000000 0.000000 0.000000 0.000000 0.000000 0.000000 0.000024 0.000060 
0.000000 0.000000 0.000000 0.000000 0.000000 0.000000 -0.000024 -0.000060 0.000000 0.000000 0.000000 0.000000 0.000000 0.000000 -1.000000 0.000000 0.000000 0.000000 0.000000 0.000044 -0.000055 
0.000000 0.000000 0.000000 0.000000 0.000000 0.000000 0.000000 0.000000 -0.000044 0.000055 0.000000 0.000000 0.000000 0.000000 -1.000000 0.000000 0.000000 0.000000 0.000000 0.000000 0.000000 
0.000000 0.000000 -0.000064 -0.000013 0.000000 0.000000 0.000064 0.000013 0.000000 0.000000 0.000000 0.000000 0.000000 0.000000 0.000000 -1.000000 0.000000 0.000000 0.000000 0.000024 0.000060 
0.000000 0.000000 0.000000 0.000000 0.000000 0.000000 -0.000024 -0.000060 0.000000 0.000000 0.000000 0.000000 0.000000 0.000000 0.000000 -1.000000 0.000000 0.000000 0.000000 0.000000 0.000000 
0.000000 0.000000 0.000000 0.000000 0.000000 0.000000 0.000000 0.000000 0.000016 0.000077 -0.000016 -0.000077 0.000000 0.000000 0.000000 0.000000 -1.000000 0.000000 0.000000 0.000000 0.000000 
0.000000 0.000000 0.000000 0.000000 -0.000088 -0.000022 0.000000 0.000000 0.000000 0.000000 0.000088 0.000022 0.000000 0.000000 0.000000 0.000000 -1.000000 0.000000 0.000000 0.000000 0.000000 
0.000000 0.000000 0.000000 0.000000 0.000000 0.000000 0.000000 0.000000 0.000016 0.000077 -0.000016 -0.000077 0.000000 0.000000 0.000000 0.000000 0.000000 -1.000000 0.000000 0.000044 -0.000055 
0.000000 0.000000 0.000000 0.000000 0.000000 0.000000 0.000000 0.000000 -0.000044 0.000055 0.000000 0.000000 0.000000 0.000000 0.000000 0.000000 0.000000 -1.000000 0.000000 0.000000 0.000000 
-0.000062 -0.000005 0.000000 0.000000 0.000000 0.000000 0.000000 0.000000 0.000062 0.000005 0.000000 0.000000 0.000000 0.000000 0.000000 0.000000 0.000000 -1.000000 0.000000 0.000000 0.000000 
0.000000 0.000000 -0.000064 -0.000013 0.000000 0.000000 0.000064 0.000013 0.000000 0.000000 0.000000 0.000000 0.000000 0.000000 0.000000 0.000000 0.000000 -0.000073 -0.000026 0.000000 0.000000 
0.000000 0.000000 0.000073 0.000026 0.000000 0.000000 0.000000 0.000000 0.000000 0.000000 0.000000 0.000000 0.000000 0.000000 0.000000 0.000000 0.000000 0.000000 -1.000000 0.000000 0.000000 
0.000000 0.000000 0.000000 0.000000 -0.000088 -0.000022 0.000000 0.000000 0.000000 0.000000 0.000088 0.000022 0.000000 0.000000 0.000000 0.000000 0.000000 -0.000025 -0.000042 -1.000000 0.000000 
0.000000 0.000000 0.000000 0.000000 0.000025 0.000042 0.000000 0.000000 0.000000 0.000000 0.000000 0.000000 0.000000 0.000000 0.000000 -0.000064 -0.000041 0.000000 0.000000 -1.000000 0.000000 
0.000064 0.000041 0.000000 0.000000 0.000000 0.000000 0.000000 0.000000 0.000000 0.000000 0.000000 0.000000 0.000000 0.000000 0.000000 0.000000 0.000000 0.000000 0.000000 0.000000 -1.000000 
-0.000062 -0.000005 0.000000 0.000000 0.000000 0.000000 0.000000 0.000000 0.000062 0.000005 0.000000 0.000000 0.000000 0.000000 0.000000 0.000000 0.000000 0.000000 0.000000 0.000000 -1.000000 
0.000000 0.000000 -0.197232 0.970342 0.000000 0.000000 0.197232 -0.970342 0.000000 0.000000 0.000000 0.000000 0.000000 0.000000 0.000000 0.000000 0.000000 0.000000 0.000000 0.927541 -0.373721 
0.000000 0.000000 0.000000 0.000000 0.000000 0.000000 -0.927541 0.373721 0.000000 0.000000 0.000000 0.000000 0.000000 0.000000 0.000000 0.000000 0.000000 0.000000 0.000000 0.000000 0.000000 
0.000000 0.000000 0.000000 0.000000 0.000000 0.000000 0.000000 0.000000 0.978419 -0.207542 -0.978419 0.207542 0.000000 0.000000 0.000000 0.000000 0.000000 0.000000 0.000000 0.000000 0.000000 
0.000000 0.000000 0.000000 0.000000 -0.238717 0.971089 0.000000 0.000000 0.000000 0.000000 0.238717 -0.971089 0.000000 0.000000 0.000000 0.000000 0.000000 0.000000 0.000000 0.000000 0.000000 
-0.075190 0.997308 0.000000 0.000000 0.000000 0.000000 0.000000 0.000000 0.075190 -0.997308 0.000000 0.000000 0.000000 0.000000 0.000000 0.000000 0.000000 0.000000 0.000000 -0.778773 -0.627306 
0.000000 0.000000 0.000000 0.000000 0.000000 0.000000 0.000000 0.000000 0.778773 0.627306 0.000000 0.000000 0.000000 0.000000 0.000000 0.000000 0.000000 -0.329562 0.944134 0.000000 0.000000 
0.000000 0.000000 0.329562 -0.944134 0.000000 0.000000 0.000000 0.000000 0.000000 0.000000 0.000000 0.000000 0.000000 0.000000 0.000000 0.000000 0.000000 -0.855349 0.518052 0.000000 0.000000 
0.000000 0.000000 0.000000 0.000000 0.855349 -0.518052 0.000000 0.000000 0.000000 0.000000 0.000000 0.000000 0.000000 0.000000 0.000000 -0.539118 0.842230 0.000000 0.000000 0.000000 0.000000 
0.539118 -0.842230 0.000000 0.000000 0.000000 0.000000 0.000000 0.000000 0.000000 0.000000 0.000000 0.000000 0.000000 0.000000 0.000000 0.000000 0.000000 0.000000 0.000000 0.000000 0.000000 
0.000000 0.000000 0.000000 0.000000 0.000000 0.000000 0.000000 0.000000 0.000016 0.000077 -0.000016 -0.000077 0.000000 0.000000 0.000000 0.000000 0.000000 0.000000 0.000000 0.000000 0.000000 

0.000000 
-0.404300 
0.000000 
-0.404200 
0.000100 
359.596000 
-0.404300 
0.220000 
-361.211800 
-0.810600 
-0.404300 
-0.810500 
-360.408200 
-360.402000 
0.220000 
0.000000 
0.000000 
-0.404200 
-0.808000 
-360.397700 
-152.492697 
-0.000000 
2.401428 
-0.000000 
2.235178 
0.000000 
-0.000000 
0.000000 
0.000000 
-0.406700 
